snap        a         z  type
   0 0.03299 29.313216    3
   1 0.03408 28.344129    3
   2 0.03520 27.406024    3
   3 0.03637 26.497909    3
   4 0.03757 25.618825    3
   5 0.03881 24.767845    3
   6 0.04009 23.944070    3
   7 0.04141 23.146631    3
   8 0.04278 22.374685    3
   9 0.04419 21.627417    3
  10 0.04565 20.904039    3
  11 0.04716 20.203786    3
  12 0.04872 19.525920    3
  13 0.05033 18.869725    3
  14 0.05199 18.234508    3
  15 0.05371 17.619598    3
  16 0.05548 17.024346    3
  17 0.05731 16.448124    3
  18 0.05921 15.890323    3
  19 0.06116 15.350354    3
  20 0.06318 14.827648    3
  21 0.06527 14.321652    3
  22 0.06742 13.831833    3
  23 0.06965 13.357673    3
  24 0.07195 12.898671    3
  25 0.07433 12.454343    3
  26 0.07678 12.024219    3
  27 0.07932 11.607847    3
  28 0.08194 11.204785    3
  29 0.08464 10.814609    3
  30 0.08744 10.436907    3
  31 0.09032 10.071279    3
  32 0.09180 9.892872    3
  33 0.09331 9.717340    3
  34 0.09483 9.544637    3
  35 0.09639 9.374716    3
  36 0.09797 9.207534    3
  37 0.09957 9.043046    3
  38 0.10120 8.881209    3
  39 0.10286 8.721979    3
  40 0.10454 8.565315    3
  41 0.10626 8.411176    3
  42 0.10800 8.259521    3
  43 0.10977 8.110309    3
  44 0.11156 7.963502    3
  45 0.11339 7.819061    3
  46 0.11525 7.676947    3
  47 0.11714 7.537123    3
  48 0.11905 7.399553    3
  49 0.12100 7.264199    3
  50 0.12299 7.131027    3
  51 0.12500 7.000000    1
  52 0.12705 6.871085    3
  53 0.12913 6.744247    3
  54 0.13124 6.619453    3
  55 0.13339 6.496671    3
  56 0.13558 6.375866    3
  57 0.13780 6.257009    3
  58 0.14005 6.140066    3
  59 0.14235 6.025009    3
  60 0.14468 5.911805    3
  61 0.14705 5.800425    3
  62 0.14946 5.690841    3
  63 0.15191 5.583022    3
  64 0.15439 5.476941    3
  65 0.15692 5.372569    3
  66 0.15949 5.269879    3
  67 0.16210 5.168843    3
  68 0.16476 5.069436    3
  69 0.16746 5.000000    1
  70 0.17020 4.875402    3
  71 0.17299 4.780723    3
  72 0.17582 4.687570    3
  73 0.17870 4.595919    3
  74 0.18163 4.505744    3
  75 0.18460 4.417022    3
  76 0.18763 4.329730    3
  77 0.19070 4.243845    3
  78 0.19382 4.159343    3
  79 0.19700 4.076204    3
  80 0.20022 4.000000    1
  81 0.20350 3.913922    3
  82 0.20684 3.834737    3
  83 0.21022 3.756828    3
  84 0.21367 3.680175    3
  85 0.21717 3.604757    3
  86 0.22072 3.530554    3
  87 0.22434 3.457547    3
  88 0.22801 3.385716    3
  89 0.23175 3.315043    3
  90 0.23554 3.245509    3
  91 0.23940 3.177095    3
  92 0.24332 3.109784    3
  93 0.24731 3.043557    3
  94 0.25136 3.000000    1
  95 0.25341 2.946213    3
  96 0.25547 2.914288    3
  97 0.25756 2.882622    3
  98 0.25966 2.851212    3
  99 0.26178 2.820056    3
 100 0.26391 2.789152    3
 101 0.26606 2.758498    3
 102 0.26823 2.728092    3
 103 0.27042 2.697932    3
 104 0.27263 2.668016    3
 105 0.27485 2.638342    3
 106 0.27709 2.608908    3
 107 0.27935 2.579713    3
 108 0.28163 2.550753    3
 109 0.28393 2.522028    3
 110 0.28624 2.493535    3
 111 0.28858 2.465272    3
 112 0.29093 2.437239    3
 113 0.29330 2.409432    3
 114 0.29570 2.381850    3
 115 0.29811 2.354491    3
 116 0.30054 2.327353    3
 117 0.30299 2.300435    3
 118 0.30546 2.273735    3
 119 0.30795 2.247251    3
 120 0.31046 2.220981    3
 121 0.31300 2.194923    3
 122 0.31555 2.169077    3
 123 0.31812 2.143439    3
 124 0.32072 2.118009    3
 125 0.32333 2.092784    3
 126 0.32597 2.067764    3
 127 0.32863 2.042946    3
 128 0.33131 2.018329    3
 129 0.33401 2.000000    1
 130 0.33674 1.969690    3
 131 0.33948 1.945666    3
 132 0.34225 1.921836    3
 133 0.34504 1.898198    3
 134 0.34786 1.874752    3
 135 0.35069 1.851495    3
 136 0.35355 1.828427    3
 137 0.35644 1.805545    3
 138 0.35934 1.782849    3
 139 0.36227 1.760336    3
 140 0.36523 1.738005    3
 141 0.36821 1.715855    3
 142 0.37121 1.693884    3
 143 0.37424 1.672090    3
 144 0.37729 1.650473    3
 145 0.38037 1.629031    3
 146 0.38347 1.607763    3
 147 0.38660 1.586666    3
 148 0.38975 1.565740    3
 149 0.39293 1.544983    3
 150 0.39613 1.524395    3
 151 0.39937 1.500000    1
 152 0.40262 1.483716    3
 153 0.40591 1.463623    3
 154 0.40922 1.443692    3
 155 0.41255 1.423923    3
 156 0.41592 1.404313    3
 157 0.41931 1.384863    3
 158 0.42273 1.365569    3
 159 0.42618 1.346432    3
 160 0.42965 1.327450    3
 161 0.43316 1.308621    3
 162 0.43669 1.289944    3
 163 0.44025 1.271419    3
 164 0.44384 1.253043    3
 165 0.44746 1.234816    3
 166 0.45111 1.216737    3
 167 0.45479 1.198804    3
 168 0.45850 1.181015    3
 169 0.46224 1.163371    3
 170 0.46601 1.145870    3
 171 0.46981 1.128510    3
 172 0.47364 1.111290    3
 173 0.47751 1.094210    3
 174 0.48140 1.077268    3
 175 0.48533 1.060463    3
 176 0.48929 1.043794    3
 177 0.49328 1.027260    3
 178 0.49730 1.010860    3
 179 0.50136 1.000000    1
 180 0.50544 0.978456    3
 181 0.50957 0.962450    3
 182 0.51372 0.946574    3
 183 0.51791 0.930827    3
 184 0.52214 0.915207    3
 185 0.52640 0.899713    3
 186 0.53069 0.884344    3
 187 0.53502 0.869100    3
 188 0.53938 0.853979    3
 189 0.54378 0.838981    3
 190 0.54821 0.824103    3
 191 0.55269 0.809347    3
 192 0.55719 0.794709    3
 193 0.56174 0.780190    3
 194 0.56632 0.765788    3
 195 0.57094 0.751503    3
 196 0.57559 0.737334    3
 197 0.58029 0.723279    3
 198 0.58502 0.709338    3
 199 0.58979 0.695509    3
 200 0.59460 0.681793    3
 201 0.59945 0.668187    3
 202 0.60434 0.654692    3
 203 0.60927 0.641305    3
 204 0.61424 0.628027    3
 205 0.61925 0.614857    3
 206 0.62430 0.601793    3
 207 0.62939 0.588834    3
 208 0.63453 0.575981    3
 209 0.63970 0.563231    3
 210 0.64492 0.550585    3
 211 0.65018 0.538041    3
 212 0.65548 0.525598    3
 213 0.66083 0.513256    3
 214 0.66622 0.500000    1
 215 0.67165 0.488871    3
 216 0.67713 0.476826    3
 217 0.68265 0.464879    3
 218 0.68822 0.453028    3
 219 0.69383 0.441273    3
 220 0.69949 0.429613    3
 221 0.70519 0.418048    3
 222 0.71095 0.406576    3
 223 0.71674 0.395197    3
 224 0.72259 0.383910    3
 225 0.72848 0.372714    3
 226 0.73443 0.361609    3
 227 0.74042 0.350594    3
 228 0.74645 0.339668    3
 229 0.75254 0.328830    3
 230 0.75868 0.318080    3
 231 0.76487 0.307416    3
 232 0.77111 0.296840    3
 233 0.77739 0.286348    3
 234 0.78373 0.275942    3
 235 0.79013 0.265620    3
 236 0.79657 0.255381    3
 237 0.80307 0.250000    1
 238 0.80962 0.235151    3
 239 0.81622 0.225159    3
 240 0.82288 0.215247    3
 241 0.82959 0.205416    3
 242 0.83636 0.195664    3
 243 0.84318 0.185992    3
 244 0.85005 0.176397    3
 245 0.85699 0.166880    3
 246 0.86398 0.157440    3
 247 0.87102 0.148076    3
 248 0.87813 0.138789    3
 249 0.88529 0.129576    3
 250 0.89251 0.120438    3
 251 0.89979 0.111374    3
 252 0.90713 0.102383    3
 253 0.91452 0.093464    3
 254 0.92198 0.084618    3
 255 0.92950 0.075844    3
 256 0.93708 0.067140    3
 257 0.94473 0.058507    3
 258 0.95243 0.049944    3
 259 0.96020 0.041450    3
 260 0.96803 0.033025    3
 261 0.97593 0.024668    3
 262 0.98389 0.016378    3
 263 0.99191 0.008156    3
 264 1.00000 0.000000    1
